-0.611822
-0.287551
-0.266214
0.146224
1.47596
-0.708078
-1.40607
-0.826886
0.691546
-0.569072
-1.16882
0.539153
-0.441962
-0.870468
-0.108784
-0.0412669
1.97041
-0.31078
0.497267
-0.506276
0.74579
-1.94311
1.00717
-0.187121
1.029
-0.0422463
-1.07472
0.357293
0.605848
-2.23664
-0.157492
-0.489137
0.428039
-0.786864
0.949634
-0.162486
1.04081
-0.370573
-1.19059
1.04039
-0.117877
-1.4579
-0.493694
0.636701
0.784341
-0.873681
0.859046
-0.0874984
0.427547
-0.740539
1.63372
-0.750675
1.09496
0.45966
-0.319198
-0.205541
0.911715
1.66044
1.67598
0.783154
0.0602644
1.0642
0.136862
-0.25125
0.365364
-0.518474
-0.150073
1.11348
-0.279586
0.814983
-1.48584
-0.224781
0.486715
0.623528
0.931038
-1.03509
0.322235
-0.558102
-0.994454
-0.243383
-1.99517
0.426626
0.253774
0.361065
0.122219
2.17925
-0.985474
-0.172068
-0.0751953
0.278938
-0.291577
1.02885
-0.699341
0.286795
-1.09972
-0.827115
0.824947
-0.891335
-1.85951
-1.12198
-1.15136
-1.32405
-0.0769371
1.18932
0.374878
-0.482193
1.28328
1.02458
-0.370338
1.34035
-0.166114
-1.92227
0.20597
-0.843544
0.260865
0.142942
-0.570444
2.55483
-0.525048
1.87835
-0.616678
-0.919824
1.08058
-0.263025
-1.47513
1.5504
0.294996
0.0816428
-2.42609
-1.21902
1.55403
0.270715
0.773948
0.502085
0.558752
1.93086
-1.107
0.395361
-0.442837
0.192228
-1.94979
1.04988
-0.395474
-0.600762
0.553273
0.282313
0.746647
-0.460513
-0.866195
1.40271
-2.22085
-0.34061
2.35819
-0.338145
1.08599
-0.862782
-2.68513
-1.91726
-0.241217
0.336064
-0.116447
-0.997718
-1.80679
0.681737
1.26982
-0.424998
-0.866448
0.320918
0.148049
-1.94906
0.336352
1.13569
0.941798
-0.190601
-0.109964
1.86984
0.371158
0.843591
-0.888164
-0.101946
-1.52843
-0.0339082
-0.664736
0.197012
-0.541394
-0.788969
-0.253304
-1.18942
-0.0959827
-0.292021
1.78478
0.805465
1.31684
0.4863
-0.461468
-0.881608
-1.52239
-0.160654
-0.0170393
2.88411
